Option 3
FSA table is defined in "scanner.cpp"
Driver function is "void test_scanner(std::ifstream& input)" defined in "testScanner.cpp"

FSA TABLE

    /*   ws   lc    d    =    <    >    :    +    -    *    /    %    .    (    )    ,    {    }    ;    [    ]  eof   uc */
    {     0,   1,   2,   3,   4,   5,   6,   7,   8,   9,  10,  11,  12,  13,  14,  15,  16, 17,  18,   19,  20,  -1,  -2},
    {   100,   1,   1, 100, 100, 100, 100, 100, 100, 100, 100, 100, 100, 100, 100, 100, 100, 100, 100, 100, 100, 100,   1}, /*ID_TK*/
    {   101, 101,   2, 101, 101, 101, 101, 101, 101, 101, 101, 101, 101, 101, 101, 101, 101, 101, 101, 101, 101, 101, 101}, /*INT_TK*/
    {   102, 102, 102, 102, 102, 102, 102, 102, 102, 102, 102, 102, 102, 102, 102, 102, 102, 102, 102, 102, 102, 102, 102}, /*EQUALS_TK*/
    {   103, 103, 103, 103, 103, 103, 103, 103, 103, 103, 103, 103, 103, 103, 103, 103, 103, 103, 103, 103, 103, 103, 103}, /*LESS_THAN_TK*/
    {   104, 104, 104, 104, 104, 104, 104, 104, 104, 104, 104, 104, 104, 104, 104, 104, 104, 104, 104, 104, 104, 104, 104}, /*GREATER_THAN_TK*/
    {   105, 105, 105, 105, 105, 105, 105, 105, 105, 105, 105, 105, 105, 105, 105, 105, 105, 105, 105, 105, 105, 105, 105}, /*COLON_TK*/
    {   106, 106, 106, 106, 106, 106, 106, 106, 106, 106, 106, 106, 106, 106, 106, 106, 106, 106, 106, 106, 106, 106, 106}, /*PLUS_TK*/
    {   107, 107, 107, 107, 107, 107, 107, 107, 107, 107, 107, 107, 107, 107, 107, 107, 107, 107, 107, 107, 107, 107, 107}, /*MINUS_TK*/
    {   108, 108, 108, 108, 108, 108, 108, 108, 108, 108, 108, 108, 108, 108, 108, 108, 108, 108, 108, 108, 108, 108, 108}, /*ASTERISK_TK*/
    {   109, 109, 109, 109, 109, 109, 109, 109, 109, 109, 109, 109, 109, 109, 109, 109, 109, 109, 109, 109, 109, 109, 109}, /*SLASH_TK*/
    {   110, 110, 110, 110, 110, 110, 110, 110, 110, 110, 110, 110, 110, 110, 110, 110, 110, 110, 110, 110, 110, 110, 110}, /*PERCENT_TK*/
    {   111, 111, 111, 111, 111, 111, 111, 111, 111, 111, 111, 111, 111, 111, 111, 111, 111, 111, 111, 111, 111, 111, 111}, /*PERIOD_TK*/
    {   112, 112, 112, 112, 112, 112, 112, 112, 112, 112, 112, 112, 112, 112, 112, 112, 112, 112, 112, 112, 112, 112, 112}, /*LEFT_PAREN_TK*/
    {   113, 113, 113, 113, 113, 113, 113, 113, 113, 113, 113, 113, 113, 113, 113, 113, 113, 113, 113, 113, 113, 113, 113}, /*RIGHT_PAREN_TK*/
    {   114, 114, 114, 114, 114, 114, 114, 114, 114, 114, 114, 114, 114, 114, 114, 114, 114, 114, 114, 114, 114, 114, 114}, /*COMMA_TK*/
    {   115, 115, 115, 115, 115, 115, 115, 115, 115, 115, 115, 115, 115, 115, 115, 115, 115, 115, 115, 115, 115, 115, 115}, /*LEFT_BRACE_TK*/
    {   116, 116, 116, 116, 116, 116, 116, 116, 116, 116, 116, 116, 116, 116, 116, 116, 116, 116, 116, 116, 116, 116, 116}, /*RIGHT_BRACE_TK*/
    {   117, 117, 117, 117, 117, 117, 117, 117, 117, 117, 117, 117, 117, 117, 117, 117, 117, 117, 117, 117, 117, 117, 117}, /*SEMI_COLON_TK*/
    {   118, 118, 118, 118, 118, 118, 118, 118, 118, 118, 118, 118, 118, 118, 118, 118, 118, 118, 118, 118, 118, 118, 118}, /*LEFT_BRACKET_TK*/
    {   119, 119, 119, 119, 119, 119, 119, 119, 119, 119, 119, 119, 119, 119, 119, 119, 119, 119, 119, 119, 119, 119, 119}, /*RIGHT_BRACKET_TK*/

Author: Inman, John
Date:   10-28-2018
SSOID:  ji5db
Email:  ji5db@mail.umsl.edu